2.825970826302195982e-01 2.825970826302195427e-01 9.166666666666666297e-01
-2.825970826302195427e-01 2.825970826302195982e-01 9.166666666666666297e-01
-2.825970826302196537e-01 -2.825970826302195427e-01 9.166666666666666297e-01
2.825970826302195427e-01 -2.825970826302196537e-01 9.166666666666666297e-01
6.886191459053213615e-01 2.852353895437612641e-01 6.666666666666666297e-01
2.852353895437613196e-01 6.886191459053213615e-01 6.666666666666666297e-01
-2.852353895437610976e-01 6.886191459053214725e-01 6.666666666666666297e-01
-6.886191459053213615e-01 2.852353895437613751e-01 6.666666666666666297e-01
-6.886191459053215835e-01 -2.852353895437608755e-01 6.666666666666666297e-01
-2.852353895437617082e-01 -6.886191459053212505e-01 6.666666666666666297e-01
2.852353895437614306e-01 -6.886191459053212505e-01 6.666666666666666297e-01
6.886191459053209174e-01 -2.852353895437623743e-01 6.666666666666666297e-01
9.428090415820633563e-01 0.000000000000000000e+00 3.333333333333333148e-01
6.666666666666667407e-01 6.666666666666666297e-01 3.333333333333333148e-01
5.773040374903288572e-17 9.428090415820633563e-01 3.333333333333333148e-01
-6.666666666666666297e-01 6.666666666666667407e-01 3.333333333333333148e-01
-9.428090415820633563e-01 1.154608074980657714e-16 3.333333333333333148e-01
-6.666666666666670737e-01 -6.666666666666662966e-01 3.333333333333333148e-01
-1.731912112470986572e-16 -9.428090415820633563e-01 3.333333333333333148e-01
6.666666666666665186e-01 -6.666666666666668517e-01 3.333333333333333148e-01
9.238795325112867385e-01 3.826834323650897818e-01 0.000000000000000000e+00
3.826834323650898373e-01 9.238795325112867385e-01 0.000000000000000000e+00
-3.826834323650895042e-01 9.238795325112868495e-01 0.000000000000000000e+00
-9.238795325112867385e-01 3.826834323650898928e-01 0.000000000000000000e+00
-9.238795325112869605e-01 -3.826834323650892267e-01 0.000000000000000000e+00
-3.826834323650903369e-01 -9.238795325112865164e-01 0.000000000000000000e+00
3.826834323650900038e-01 -9.238795325112866275e-01 0.000000000000000000e+00
9.238795325112861834e-01 -3.826834323650912251e-01 0.000000000000000000e+00
9.428090415820633563e-01 0.000000000000000000e+00 -3.333333333333333148e-01
6.666666666666667407e-01 6.666666666666666297e-01 -3.333333333333333148e-01
5.773040374903288572e-17 9.428090415820633563e-01 -3.333333333333333148e-01
-6.666666666666666297e-01 6.666666666666667407e-01 -3.333333333333333148e-01
-9.428090415820633563e-01 1.154608074980657714e-16 -3.333333333333333148e-01
-6.666666666666670737e-01 -6.666666666666662966e-01 -3.333333333333333148e-01
-1.731912112470986572e-16 -9.428090415820633563e-01 -3.333333333333333148e-01
6.666666666666665186e-01 -6.666666666666668517e-01 -3.333333333333333148e-01
6.886191459053213615e-01 2.852353895437612641e-01 -6.666666666666666297e-01
2.852353895437613196e-01 6.886191459053213615e-01 -6.666666666666666297e-01
-2.852353895437610976e-01 6.886191459053214725e-01 -6.666666666666666297e-01
-6.886191459053213615e-01 2.852353895437613751e-01 -6.666666666666666297e-01
-6.886191459053215835e-01 -2.852353895437608755e-01 -6.666666666666666297e-01
-2.852353895437617082e-01 -6.886191459053212505e-01 -6.666666666666666297e-01
2.852353895437614306e-01 -6.886191459053212505e-01 -6.666666666666666297e-01
6.886191459053209174e-01 -2.852353895437623743e-01 -6.666666666666666297e-01
2.825970826302195982e-01 2.825970826302195427e-01 -9.166666666666666297e-01
-2.825970826302195427e-01 2.825970826302195982e-01 -9.166666666666666297e-01
-2.825970826302196537e-01 -2.825970826302195427e-01 -9.166666666666666297e-01
2.825970826302195427e-01 -2.825970826302196537e-01 -9.166666666666666297e-01
