7.207475262030234309e-02 7.207475262030232921e-02 9.947916666666666297e-01
-7.207475262030232921e-02 7.207475262030234309e-02 9.947916666666666297e-01
-7.207475262030234309e-02 -7.207475262030232921e-02 9.947916666666666297e-01
7.207475262030231533e-02 -7.207475262030234309e-02 9.947916666666666297e-01
1.876013292242867947e-01 7.770701488391966449e-02 9.791666666666666297e-01
7.770701488391966449e-02 1.876013292242867947e-01 9.791666666666666297e-01
-7.770701488391965062e-02 1.876013292242867947e-01 9.791666666666666297e-01
-1.876013292242867947e-01 7.770701488391967837e-02 9.791666666666666297e-01
-1.876013292242868225e-01 -7.770701488391963674e-02 9.791666666666666297e-01
-7.770701488391977552e-02 -1.876013292242867392e-01 9.791666666666666297e-01
7.770701488391970613e-02 -1.876013292242867669e-01 9.791666666666666297e-01
1.876013292242867392e-01 -7.770701488391978939e-02 9.791666666666666297e-01
2.922667686632187123e-01 7.831264463776321794e-02 9.531250000000000000e-01
2.139541240254555221e-01 2.139541240254554944e-01 9.531250000000000000e-01
7.831264463776321794e-02 2.922667686632187123e-01 9.531250000000000000e-01
-7.831264463776317630e-02 2.922667686632187123e-01 9.531250000000000000e-01
-2.139541240254554944e-01 2.139541240254555221e-01 9.531250000000000000e-01
-2.922667686632187123e-01 7.831264463776330120e-02 9.531250000000000000e-01
-2.922667686632187123e-01 -7.831264463776323181e-02 9.531250000000000000e-01
-2.139541240254556331e-01 -2.139541240254553833e-01 9.531250000000000000e-01
-7.831264463776317630e-02 -2.922667686632187123e-01 9.531250000000000000e-01
7.831264463776307916e-02 -2.922667686632187678e-01 9.531250000000000000e-01
2.139541240254554666e-01 -2.139541240254555499e-01 9.531250000000000000e-01
2.922667686632186568e-01 -7.831264463776346774e-02 9.531250000000000000e-01
3.919734137799099072e-01 7.796835968484813750e-02 9.166666666666666297e-01
3.322990147797627580e-01 2.220351030774668222e-01 9.166666666666666297e-01
2.220351030774668777e-01 3.322990147797627580e-01 9.166666666666666297e-01
7.796835968484816526e-02 3.919734137799099072e-01 9.166666666666666297e-01
-7.796835968484810975e-02 3.919734137799099072e-01 9.166666666666666297e-01
-2.220351030774667389e-01 3.322990147797628135e-01 9.166666666666666297e-01
-3.322990147797628135e-01 2.220351030774668222e-01 9.166666666666666297e-01
-3.919734137799099072e-01 7.796835968484827628e-02 9.166666666666666297e-01
-3.919734137799099072e-01 -7.796835968484817914e-02 9.166666666666666297e-01
-3.322990147797628135e-01 -2.220351030774667389e-01 9.166666666666666297e-01
-2.220351030774668222e-01 -3.322990147797627580e-01 9.166666666666666297e-01
-7.796835968484830404e-02 -3.919734137799098517e-01 9.166666666666666297e-01
7.796835968484815138e-02 -3.919734137799099072e-01 9.166666666666666297e-01
2.220351030774667112e-01 -3.322990147797628135e-01 9.166666666666666297e-01
3.322990147797627580e-01 -2.220351030774668222e-01 9.166666666666666297e-01
3.919734137799098517e-01 -7.796835968484831791e-02 9.166666666666666297e-01
4.873443404910106080e-01 7.718776061399897082e-02 8.697916666666667407e-01
4.396396809160688091e-01 2.240076060343471898e-01 8.697916666666667407e-01
3.489000262232880289e-01 3.489000262232879734e-01 8.697916666666667407e-01
2.240076060343472175e-01 4.396396809160687535e-01 8.697916666666667407e-01
7.718776061399899857e-02 4.873443404910106080e-01 8.697916666666667407e-01
-7.718776061399883204e-02 4.873443404910106080e-01 8.697916666666667407e-01
-2.240076060343471620e-01 4.396396809160688091e-01 8.697916666666667407e-01
-3.489000262232879734e-01 3.489000262232880289e-01 8.697916666666667407e-01
-4.396396809160687535e-01 2.240076060343472453e-01 8.697916666666667407e-01
-4.873443404910105525e-01 7.718776061399902633e-02 8.697916666666667407e-01
-4.873443404910106080e-01 -7.718776061399890143e-02 8.697916666666667407e-01
-4.396396809160688091e-01 -2.240076060343471620e-01 8.697916666666667407e-01
-3.489000262232880845e-01 -3.489000262232879734e-01 8.697916666666667407e-01
-2.240076060343472730e-01 -4.396396809160687535e-01 8.697916666666667407e-01
-7.718776061399905408e-02 -4.873443404910105525e-01 8.697916666666667407e-01
7.718776061399887367e-02 -4.873443404910106080e-01 8.697916666666667407e-01
2.240076060343471342e-01 -4.396396809160688091e-01 8.697916666666667407e-01
3.489000262232879179e-01 -3.489000262232880845e-01 8.697916666666667407e-01
4.396396809160687535e-01 -2.240076060343473008e-01 8.697916666666667407e-01
4.873443404910105525e-01 -7.718776061399909572e-02 8.697916666666667407e-01
5.779738770169139395e-01 7.609170444954709012e-02 8.125000000000000000e-01
5.385859124452039293e-01 2.230895894378918110e-01 8.125000000000000000e-01
4.624942079956568808e-01 3.548842875790221840e-01 8.125000000000000000e-01
3.548842875790221840e-01 4.624942079956568808e-01 8.125000000000000000e-01
2.230895894378918387e-01 5.385859124452039293e-01 8.125000000000000000e-01
7.609170444954717338e-02 5.779738770169139395e-01 8.125000000000000000e-01
-7.609170444954710399e-02 5.779738770169139395e-01 8.125000000000000000e-01
-2.230895894378916444e-01 5.385859124452040403e-01 8.125000000000000000e-01
-3.548842875790221840e-01 4.624942079956568808e-01 8.125000000000000000e-01
-4.624942079956568253e-01 3.548842875790223506e-01 8.125000000000000000e-01
-5.385859124452039293e-01 2.230895894378918665e-01 8.125000000000000000e-01
-5.779738770169139395e-01 7.609170444954732604e-02 8.125000000000000000e-01
-5.779738770169139395e-01 -7.609170444954720114e-02 8.125000000000000000e-01
-5.385859124452040403e-01 -2.230895894378917554e-01 8.125000000000000000e-01
-4.624942079956568808e-01 -3.548842875790221840e-01 8.125000000000000000e-01
-3.548842875790223506e-01 -4.624942079956567698e-01 8.125000000000000000e-01
-2.230895894378916444e-01 -5.385859124452040403e-01 8.125000000000000000e-01
-7.609170444954711787e-02 -5.779738770169139395e-01 8.125000000000000000e-01
7.609170444954690971e-02 -5.779738770169140505e-01 8.125000000000000000e-01
2.230895894378914501e-01 -5.385859124452040403e-01 8.125000000000000000e-01
3.548842875790217399e-01 -4.624942079956572138e-01 8.125000000000000000e-01
4.624942079956567698e-01 -3.548842875790223506e-01 8.125000000000000000e-01
5.385859124452040403e-01 -2.230895894378916722e-01 8.125000000000000000e-01
5.779738770169139395e-01 -7.609170444954714563e-02 8.125000000000000000e-01
6.631012413444706821e-01 7.471356631369457935e-02 7.447916666666667407e-01
6.298505762338100222e-01 2.203942487494315594e-01 7.447916666666667407e-01
5.650165732038231470e-01 3.550234432666349860e-01 7.447916666666667407e-01
4.718502798896536121e-01 4.718502798896535566e-01 7.447916666666667407e-01
3.550234432666349860e-01 5.650165732038231470e-01 7.447916666666667407e-01
2.203942487494316982e-01 6.298505762338099112e-01 7.447916666666667407e-01
7.471356631369446832e-02 6.631012413444706821e-01 7.447916666666667407e-01
-7.471356631369439893e-02 6.631012413444706821e-01 7.447916666666667407e-01
-2.203942487494316427e-01 6.298505762338099112e-01 7.447916666666667407e-01
-3.550234432666349305e-01 5.650165732038231470e-01 7.447916666666667407e-01
-4.718502798896535566e-01 4.718502798896536121e-01 7.447916666666667407e-01
-5.650165732038231470e-01 3.550234432666350970e-01 7.447916666666667407e-01
-6.298505762338100222e-01 2.203942487494316427e-01 7.447916666666667407e-01
-6.631012413444706821e-01 7.471356631369466261e-02 7.447916666666667407e-01
-6.631012413444706821e-01 -7.471356631369449608e-02 7.447916666666667407e-01
-6.298505762338100222e-01 -2.203942487494314484e-01 7.447916666666667407e-01
-5.650165732038231470e-01 -3.550234432666349305e-01 7.447916666666667407e-01
-4.718502798896536676e-01 -4.718502798896535566e-01 7.447916666666667407e-01
-3.550234432666350970e-01 -5.650165732038231470e-01 7.447916666666667407e-01
-2.203942487494316704e-01 -6.298505762338099112e-01 7.447916666666667407e-01
-7.471356631369470425e-02 -6.631012413444706821e-01 7.447916666666667407e-01
7.471356631369445445e-02 -6.631012413444706821e-01 7.447916666666667407e-01
2.203942487494314206e-01 -6.298505762338100222e-01 7.447916666666667407e-01
3.550234432666348749e-01 -5.650165732038231470e-01 7.447916666666667407e-01
4.718502798896534456e-01 -4.718502798896536676e-01 7.447916666666667407e-01
5.650165732038230360e-01 -3.550234432666351525e-01 7.447916666666667407e-01
6.298505762338099112e-01 -2.203942487494316982e-01 7.447916666666667407e-01
6.631012413444706821e-01 -7.471356631369473200e-02 7.447916666666667407e-01
7.417668996695268024e-01 7.305766291234455645e-02 6.666666666666666297e-01
7.132612137028966348e-01 2.163654237225215993e-01 6.666666666666666297e-01
6.573452992951611673e-01 3.513583826381697084e-01 6.666666666666666297e-01
5.761679736790036310e-01 4.728488359530840235e-01 6.666666666666666297e-01
4.728488359530841345e-01 5.761679736790035200e-01 6.666666666666666297e-01
3.513583826381698749e-01 6.573452992951611673e-01 6.666666666666666297e-01
2.163654237225215993e-01 7.132612137028967458e-01 6.666666666666666297e-01
7.305766291234483401e-02 7.417668996695266914e-01 6.666666666666666297e-01
-7.305766291234458421e-02 7.417668996695268024e-01 6.666666666666666297e-01
-2.163654237225214605e-01 7.132612137028967458e-01 6.666666666666666297e-01
-3.513583826381697639e-01 6.573452992951611673e-01 6.666666666666666297e-01
-4.728488359530839680e-01 5.761679736790037420e-01 6.666666666666666297e-01
-5.761679736790034090e-01 4.728488359530843010e-01 6.666666666666666297e-01
-6.573452992951611673e-01 3.513583826381698749e-01 6.666666666666666297e-01
-7.132612137028965238e-01 2.163654237225219323e-01 6.666666666666666297e-01
-7.417668996695266914e-01 7.305766291234504217e-02 6.666666666666666297e-01
-7.417668996695268024e-01 -7.305766291234454257e-02 6.666666666666666297e-01
-7.132612137028967458e-01 -2.163654237225214327e-01 6.666666666666666297e-01
-6.573452992951611673e-01 -3.513583826381697084e-01 6.666666666666666297e-01
-5.761679736790037420e-01 -4.728488359530838570e-01 6.666666666666666297e-01
-4.728488359530848562e-01 -5.761679736790029649e-01 6.666666666666666297e-01
-3.513583826381698749e-01 -6.573452992951611673e-01 6.666666666666666297e-01
-2.163654237225216825e-01 -7.132612137028966348e-01 6.666666666666666297e-01
-7.305766291234443155e-02 -7.417668996695268024e-01 6.666666666666666297e-01
7.305766291234416787e-02 -7.417668996695268024e-01 6.666666666666666297e-01
2.163654237225207666e-01 -7.132612137028968569e-01 6.666666666666666297e-01
3.513583826381697084e-01 -6.573452992951611673e-01 6.666666666666666297e-01
4.728488359530841345e-01 -5.761679736790035200e-01 6.666666666666666297e-01
5.761679736790034090e-01 -4.728488359530843566e-01 6.666666666666666297e-01
6.573452992951610563e-01 -3.513583826381699304e-01 6.666666666666666297e-01
7.132612137028965238e-01 -2.163654237225223487e-01 6.666666666666666297e-01
7.417668996695268024e-01 -7.305766291234447318e-02 6.666666666666666297e-01
8.122328620674137412e-01 0.000000000000000000e+00 5.833333333333332593e-01
7.966260353755068024e-01 1.584587706128132156e-01 5.833333333333332593e-01
7.504053168971466237e-01 3.108280595356784359e-01 5.833333333333332593e-01
6.753469429225792409e-01 4.512524004449714465e-01 5.833333333333332593e-01
5.743353646704260074e-01 5.743353646704258963e-01 5.833333333333332593e-01
4.512524004449716131e-01 6.753469429225791298e-01 5.833333333333332593e-01
3.108280595356784914e-01 7.504053168971466237e-01 5.833333333333332593e-01
1.584587706128132989e-01 7.966260353755068024e-01 5.833333333333332593e-01
4.973491873465759676e-17 8.122328620674137412e-01 5.833333333333332593e-01
-1.584587706128129936e-01 7.966260353755069135e-01 5.833333333333332593e-01
-3.108280595356782139e-01 7.504053168971467347e-01 5.833333333333332593e-01
-4.512524004449712800e-01 6.753469429225793519e-01 5.833333333333332593e-01
-5.743353646704258963e-01 5.743353646704260074e-01 5.833333333333332593e-01
-6.753469429225792409e-01 4.512524004449714465e-01 5.833333333333332593e-01
-7.504053168971466237e-01 3.108280595356784914e-01 5.833333333333332593e-01
-7.966260353755066914e-01 1.584587706128138540e-01 5.833333333333332593e-01
-8.122328620674137412e-01 9.946983746931519352e-17 5.833333333333332593e-01
-7.966260353755068024e-01 -1.584587706128133267e-01 5.833333333333332593e-01
-7.504053168971468457e-01 -3.108280595356779918e-01 5.833333333333332593e-01
-6.753469429225793519e-01 -4.512524004449712800e-01 5.833333333333332593e-01
-5.743353646704262294e-01 -5.743353646704256743e-01 5.833333333333332593e-01
-4.512524004449714465e-01 -6.753469429225792409e-01 5.833333333333332593e-01
-3.108280595356788800e-01 -7.504053168971465126e-01 5.833333333333332593e-01
-1.584587706128135765e-01 -7.966260353755066914e-01 5.833333333333332593e-01
-1.492047562039727718e-16 -8.122328620674137412e-01 5.833333333333332593e-01
1.584587706128125495e-01 -7.966260353755069135e-01 5.833333333333332593e-01
3.108280595356786025e-01 -7.504053168971465126e-01 5.833333333333332593e-01
4.512524004449711690e-01 -6.753469429225793519e-01 5.833333333333332593e-01
5.743353646704257853e-01 -5.743353646704261184e-01 5.833333333333332593e-01
6.753469429225787968e-01 -4.512524004449720572e-01 5.833333333333332593e-01
7.504053168971461796e-01 -3.108280595356796017e-01 5.833333333333332593e-01
7.966260353755065804e-01 -1.584587706128142981e-01 5.833333333333332593e-01
8.618552547563954613e-01 8.488533353170370221e-02 5.000000000000000000e-01
8.287346406501023832e-01 2.513939048317311853e-01 5.000000000000000000e-01
7.637662190633668358e-01 4.082415493524013117e-01 5.000000000000000000e-01
6.694466900030562329e-01 5.494007000759572046e-01 5.000000000000000000e-01
5.494007000759573156e-01 6.694466900030561218e-01 5.000000000000000000e-01
4.082415493524014782e-01 7.637662190633667247e-01 5.000000000000000000e-01
2.513939048317311853e-01 8.287346406501024942e-01 5.000000000000000000e-01
8.488533353170403528e-02 8.618552547563954613e-01 5.000000000000000000e-01
-8.488533353170374385e-02 8.618552547563954613e-01 5.000000000000000000e-01
-2.513939048317310188e-01 8.287346406501024942e-01 5.000000000000000000e-01
-4.082415493524013672e-01 7.637662190633668358e-01 5.000000000000000000e-01
-5.494007000759570936e-01 6.694466900030563439e-01 5.000000000000000000e-01
-6.694466900030560108e-01 5.494007000759574266e-01 5.000000000000000000e-01
-7.637662190633667247e-01 4.082415493524015337e-01 5.000000000000000000e-01
-8.287346406501022722e-01 2.513939048317315739e-01 5.000000000000000000e-01
-8.618552547563954613e-01 8.488533353170428508e-02 5.000000000000000000e-01
-8.618552547563954613e-01 -8.488533353170368834e-02 5.000000000000000000e-01
-8.287346406501024942e-01 -2.513939048317309632e-01 5.000000000000000000e-01
-7.637662190633668358e-01 -4.082415493524013672e-01 5.000000000000000000e-01
-6.694466900030563439e-01 -5.494007000759569825e-01 5.000000000000000000e-01
-5.494007000759580928e-01 -6.694466900030554557e-01 5.000000000000000000e-01
-4.082415493524015337e-01 -7.637662190633667247e-01 5.000000000000000000e-01
-2.513939048317312963e-01 -8.287346406501023832e-01 5.000000000000000000e-01
-8.488533353170356344e-02 -8.618552547563954613e-01 5.000000000000000000e-01
8.488533353170325813e-02 -8.618552547563954613e-01 5.000000000000000000e-01
2.513939048317302416e-01 -8.287346406501027163e-01 5.000000000000000000e-01
4.082415493524013117e-01 -7.637662190633668358e-01 5.000000000000000000e-01
5.494007000759573156e-01 -6.694466900030561218e-01 5.000000000000000000e-01
6.694466900030560108e-01 -5.494007000759575376e-01 5.000000000000000000e-01
7.637662190633666137e-01 -4.082415493524015893e-01 5.000000000000000000e-01
8.287346406501021612e-01 -2.513939048317320180e-01 5.000000000000000000e-01
8.618552547563954613e-01 -8.488533353170361895e-02 5.000000000000000000e-01
9.090593428863095182e-01 0.000000000000000000e+00 4.166666666666666297e-01
8.915920225159255086e-01 1.773486799354600796e-01 4.166666666666666297e-01
8.398613207308212036e-01 3.478819495592859745e-01 4.166666666666666297e-01
7.558552193896863614e-01 5.050463109559933939e-01 4.166666666666666297e-01
6.428020258558964084e-01 6.428020258558962974e-01 4.166666666666666297e-01
5.050463109559936159e-01 7.558552193896862503e-01 4.166666666666666297e-01
3.478819495592860300e-01 8.398613207308212036e-01 4.166666666666666297e-01
1.773486799354601351e-01 8.915920225159255086e-01 4.166666666666666297e-01
5.566383072503576132e-17 9.090593428863095182e-01 4.166666666666666297e-01
-1.773486799354598020e-01 8.915920225159256196e-01 4.166666666666666297e-01
-3.478819495592857525e-01 8.398613207308212036e-01 4.166666666666666297e-01
-5.050463109559931718e-01 7.558552193896864724e-01 4.166666666666666297e-01
-6.428020258558962974e-01 6.428020258558964084e-01 4.166666666666666297e-01
-7.558552193896863614e-01 5.050463109559933939e-01 4.166666666666666297e-01
-8.398613207308212036e-01 3.478819495592860855e-01 4.166666666666666297e-01
-8.915920225159253976e-01 1.773486799354607735e-01 4.166666666666666297e-01
-9.090593428863095182e-01 1.113276614500715226e-16 4.166666666666666297e-01
-8.915920225159255086e-01 -1.773486799354601628e-01 4.166666666666666297e-01
-8.398613207308213147e-01 -3.478819495592854749e-01 4.166666666666666297e-01
-7.558552193896864724e-01 -5.050463109559931718e-01 4.166666666666666297e-01
-6.428020258558967415e-01 -6.428020258558959643e-01 4.166666666666666297e-01
-5.050463109559933939e-01 -7.558552193896863614e-01 4.166666666666666297e-01
-3.478819495592864741e-01 -8.398613207308209816e-01 4.166666666666666297e-01
-1.773486799354604404e-01 -8.915920225159253976e-01 4.166666666666666297e-01
-1.669914921751072716e-16 -9.090593428863095182e-01 4.166666666666666297e-01
1.773486799354593024e-01 -8.915920225159257306e-01 4.166666666666666297e-01
3.478819495592861966e-01 -8.398613207308210926e-01 4.166666666666666297e-01
5.050463109559930608e-01 -7.558552193896864724e-01 4.166666666666666297e-01
6.428020258558961864e-01 -6.428020258558965194e-01 4.166666666666666297e-01
7.558552193896859173e-01 -5.050463109559941710e-01 4.166666666666666297e-01
8.398613207308206485e-01 -3.478819495592873068e-01 4.166666666666666297e-01
8.915920225159252865e-01 -1.773486799354612731e-01 4.166666666666666297e-01
9.382691583509216171e-01 9.241144613272764263e-02 3.333333333333333148e-01
9.022120007829017574e-01 2.736830183482382162e-01 3.333333333333333148e-01
8.314833419911141776e-01 4.444371056518309215e-01 3.333333333333333148e-01
7.288012446678383549e-01 5.981117242284241797e-01 3.333333333333333148e-01
5.981117242284242908e-01 7.288012446678382439e-01 3.333333333333333148e-01
4.444371056518311436e-01 8.314833419911140666e-01 3.333333333333333148e-01
2.736830183482382162e-01 9.022120007829018684e-01 3.333333333333333148e-01
9.241144613272800346e-02 9.382691583509216171e-01 3.333333333333333148e-01
-9.241144613272768427e-02 9.382691583509216171e-01 3.333333333333333148e-01
-2.736830183482380496e-01 9.022120007829018684e-01 3.333333333333333148e-01
-4.444371056518310326e-01 8.314833419911141776e-01 3.333333333333333148e-01
-5.981117242284240687e-01 7.288012446678384659e-01 3.333333333333333148e-01
-7.288012446678380218e-01 5.981117242284245128e-01 3.333333333333333148e-01
-8.314833419911140666e-01 4.444371056518311991e-01 3.333333333333333148e-01
-9.022120007829016464e-01 2.736830183482386603e-01 3.333333333333333148e-01
-9.382691583509216171e-01 9.241144613272826713e-02 3.333333333333333148e-01
-9.382691583509216171e-01 -9.241144613272762875e-02 3.333333333333333148e-01
-9.022120007829018684e-01 -2.736830183482379941e-01 3.333333333333333148e-01
-8.314833419911141776e-01 -4.444371056518309770e-01 3.333333333333333148e-01
-7.288012446678384659e-01 -5.981117242284239577e-01 3.333333333333333148e-01
-5.981117242284251789e-01 -7.288012446678374667e-01 3.333333333333333148e-01
-4.444371056518311991e-01 -8.314833419911140666e-01 3.333333333333333148e-01
-2.736830183482383272e-01 -9.022120007829017574e-01 3.333333333333333148e-01
-9.241144613272750385e-02 -9.382691583509216171e-01 3.333333333333333148e-01
9.241144613272715691e-02 -9.382691583509216171e-01 3.333333333333333148e-01
2.736830183482371615e-01 -9.022120007829020905e-01 3.333333333333333148e-01
4.444371056518309215e-01 -8.314833419911141776e-01 3.333333333333333148e-01
5.981117242284242908e-01 -7.288012446678382439e-01 3.333333333333333148e-01
7.288012446678380218e-01 -5.981117242284246238e-01 3.333333333333333148e-01
8.314833419911139556e-01 -4.444371056518312546e-01 3.333333333333333148e-01
9.022120007829015353e-01 -2.736830183482391599e-01 3.333333333333333148e-01
9.382691583509216171e-01 -9.241144613272754549e-02 3.333333333333333148e-01
9.682458365518542553e-01 0.000000000000000000e+00 2.500000000000000000e-01
9.496412643017707600e-01 1.888953920436767242e-01 2.500000000000000000e-01
8.945425108295268490e-01 3.705316401048712738e-01 2.500000000000000000e-01
8.050669903313238951e-01 5.379285650333732738e-01 2.500000000000000000e-01
6.846531968814577596e-01 6.846531968814576485e-01 2.500000000000000000e-01
5.379285650333734958e-01 8.050669903313237841e-01 2.500000000000000000e-01
3.705316401048713293e-01 8.945425108295268490e-01 2.500000000000000000e-01
1.888953920436768075e-01 9.496412643017707600e-01 2.500000000000000000e-01
5.928795822604898564e-17 9.682458365518542553e-01 2.500000000000000000e-01
-1.888953920436764466e-01 9.496412643017708710e-01 2.500000000000000000e-01
-3.705316401048710517e-01 8.945425108295269601e-01 2.500000000000000000e-01
-5.379285650333730517e-01 8.050669903313240061e-01 2.500000000000000000e-01
-6.846531968814576485e-01 6.846531968814577596e-01 2.500000000000000000e-01
-8.050669903313238951e-01 5.379285650333732738e-01 2.500000000000000000e-01
-8.945425108295268490e-01 3.705316401048713848e-01 2.500000000000000000e-01
-9.496412643017706490e-01 1.888953920436774736e-01 2.500000000000000000e-01
-9.682458365518542553e-01 1.185759164520979713e-16 2.500000000000000000e-01
-9.496412643017707600e-01 -1.888953920436768352e-01 2.500000000000000000e-01
-8.945425108295270711e-01 -3.705316401048707742e-01 2.500000000000000000e-01
-8.050669903313240061e-01 -5.379285650333730517e-01 2.500000000000000000e-01
-6.846531968814579816e-01 -6.846531968814573155e-01 2.500000000000000000e-01
-5.379285650333732738e-01 -8.050669903313238951e-01 2.500000000000000000e-01
-3.705316401048718289e-01 -8.945425108295266270e-01 2.500000000000000000e-01
-1.888953920436771405e-01 -9.496412643017706490e-01 2.500000000000000000e-01
-1.778638746781469323e-16 -9.682458365518542553e-01 2.500000000000000000e-01
1.888953920436759193e-01 -9.496412643017709820e-01 2.500000000000000000e-01
3.705316401048714958e-01 -8.945425108295267380e-01 2.500000000000000000e-01
5.379285650333729407e-01 -8.050669903313240061e-01 2.500000000000000000e-01
6.846531968814575375e-01 -6.846531968814578706e-01 2.500000000000000000e-01
8.050669903313234510e-01 -5.379285650333740509e-01 2.500000000000000000e-01
8.945425108295262939e-01 -3.705316401048727171e-01 2.500000000000000000e-01
9.496412643017705379e-01 -1.888953920436780287e-01 2.500000000000000000e-01
9.812653736524835635e-01 9.664620371682525191e-02 1.666666666666666574e-01
9.435558956429799249e-01 2.862245517414536145e-01 1.666666666666666574e-01
8.695860937161592474e-01 4.648034507592357922e-01 1.666666666666666574e-01
7.621985858773261402e-01 6.255202138291188207e-01 1.666666666666666574e-01
6.255202138291189318e-01 7.621985858773260292e-01 1.666666666666666574e-01
4.648034507592360143e-01 8.695860937161591364e-01 1.666666666666666574e-01
2.862245517414536145e-01 9.435558956429800359e-01 1.666666666666666574e-01
9.664620371682564048e-02 9.812653736524834525e-01 1.666666666666666574e-01
-9.664620371682529354e-02 9.812653736524835635e-01 1.666666666666666574e-01
-2.862245517414534479e-01 9.435558956429800359e-01 1.666666666666666574e-01
-4.648034507592359033e-01 8.695860937161592474e-01 1.666666666666666574e-01
-6.255202138291187097e-01 7.621985858773262512e-01 1.666666666666666574e-01
-7.621985858773258071e-01 6.255202138291191538e-01 1.666666666666666574e-01
-8.695860937161591364e-01 4.648034507592360698e-01 1.666666666666666574e-01
-9.435558956429798139e-01 2.862245517414540585e-01 1.666666666666666574e-01
-9.812653736524834525e-01 9.664620371682591804e-02 1.666666666666666574e-01
-9.812653736524835635e-01 -9.664620371682523803e-02 1.666666666666666574e-01
-9.435558956429800359e-01 -2.862245517414533924e-01 1.666666666666666574e-01
-8.695860937161592474e-01 -4.648034507592358477e-01 1.666666666666666574e-01
-7.621985858773262512e-01 -6.255202138291185987e-01 1.666666666666666574e-01
-6.255202138291199310e-01 -7.621985858773252520e-01 1.666666666666666574e-01
-4.648034507592360698e-01 -8.695860937161591364e-01 1.666666666666666574e-01
-2.862245517414537255e-01 -9.435558956429799249e-01 1.666666666666666574e-01
-9.664620371682509925e-02 -9.812653736524835635e-01 1.666666666666666574e-01
9.664620371682475231e-02 -9.812653736524835635e-01 1.666666666666666574e-01
2.862245517414525042e-01 -9.435558956429802580e-01 1.666666666666666574e-01
4.648034507592357922e-01 -8.695860937161592474e-01 1.666666666666666574e-01
6.255202138291189318e-01 -7.621985858773260292e-01 1.666666666666666574e-01
7.621985858773258071e-01 -6.255202138291192648e-01 1.666666666666666574e-01
8.695860937161590254e-01 -4.648034507592361253e-01 1.666666666666666574e-01
9.435558956429797028e-01 -2.862245517414545581e-01 1.666666666666666574e-01
9.812653736524835635e-01 -9.664620371682515476e-02 1.666666666666666574e-01
9.965217285917831180e-01 0.000000000000000000e+00 8.333333333333332871e-02
9.773738430048038994e-01 1.944117449270397202e-01 8.333333333333332871e-02
9.206660287487159477e-01 3.813523555238960139e-01 8.333333333333332871e-02
8.285775353232721629e-01 5.536378089628336552e-01 8.333333333333332871e-02
7.046472718869901675e-01 7.046472718869900564e-01 8.333333333333332871e-02
5.536378089628338772e-01 8.285775353232720519e-01 8.333333333333332871e-02
3.813523555238960694e-01 9.206660287487159477e-01 8.333333333333332871e-02
1.944117449270398035e-01 9.773738430048038994e-01 8.333333333333332871e-02
6.101935726003573154e-17 9.965217285917831180e-01 8.333333333333332871e-02
-1.944117449270394427e-01 9.773738430048040104e-01 8.333333333333332871e-02
-3.813523555238957363e-01 9.206660287487160588e-01 8.333333333333332871e-02
-5.536378089628334331e-01 8.285775353232723850e-01 8.333333333333332871e-02
-7.046472718869900564e-01 7.046472718869901675e-01 8.333333333333332871e-02
-8.285775353232722740e-01 5.536378089628336552e-01 8.333333333333332871e-02
-9.206660287487159477e-01 3.813523555238961249e-01 8.333333333333332871e-02
-9.773738430048037884e-01 1.944117449270404974e-01 8.333333333333332871e-02
-9.965217285917831180e-01 1.220387145200714631e-16 8.333333333333332871e-02
-9.773738430048038994e-01 -1.944117449270398312e-01 8.333333333333332871e-02
-9.206660287487161698e-01 -3.813523555238954588e-01 8.333333333333332871e-02
-8.285775353232723850e-01 -5.536378089628334331e-01 8.333333333333332871e-02
-7.046472718869905005e-01 -7.046472718869897234e-01 8.333333333333332871e-02
-5.536378089628336552e-01 -8.285775353232721629e-01 8.333333333333332871e-02
-3.813523555238965690e-01 -9.206660287487157257e-01 8.333333333333332871e-02
-1.944117449270401365e-01 -9.773738430048037884e-01 8.333333333333332871e-02
-1.830580717801071946e-16 -9.965217285917831180e-01 8.333333333333332871e-02
1.944117449270388875e-01 -9.773738430048041215e-01 8.333333333333332871e-02
3.813523555238962359e-01 -9.206660287487158367e-01 8.333333333333332871e-02
5.536378089628333221e-01 -8.285775353232723850e-01 8.333333333333332871e-02
7.046472718869899454e-01 -7.046472718869902785e-01 8.333333333333332871e-02
8.285775353232717189e-01 -5.536378089628344323e-01 8.333333333333332871e-02
9.206660287487153926e-01 -3.813523555238974017e-01 8.333333333333332871e-02
9.773738430048036774e-01 -1.944117449270410525e-01 8.333333333333332871e-02
9.951847266721969287e-01 9.801714032956060363e-02 0.000000000000000000e+00
9.569403357322088244e-01 2.902846772544623311e-01 0.000000000000000000e+00
8.819212643483550496e-01 4.713967368259975865e-01 0.000000000000000000e+00
7.730104533627369934e-01 6.343932841636454878e-01 0.000000000000000000e+00
6.343932841636455988e-01 7.730104533627368824e-01 0.000000000000000000e+00
4.713967368259978086e-01 8.819212643483549385e-01 0.000000000000000000e+00
2.902846772544623311e-01 9.569403357322089354e-01 0.000000000000000000e+00
9.801714032956099221e-02 9.951847266721968177e-01 0.000000000000000000e+00
-9.801714032956064526e-02 9.951847266721969287e-01 0.000000000000000000e+00
-2.902846772544621645e-01 9.569403357322089354e-01 0.000000000000000000e+00
-4.713967368259976976e-01 8.819212643483550496e-01 0.000000000000000000e+00
-6.343932841636453768e-01 7.730104533627371044e-01 0.000000000000000000e+00
-7.730104533627366603e-01 6.343932841636458209e-01 0.000000000000000000e+00
-8.819212643483549385e-01 4.713967368259978641e-01 0.000000000000000000e+00
-9.569403357322087134e-01 2.902846772544627751e-01 0.000000000000000000e+00
-9.951847266721968177e-01 9.801714032956126976e-02 0.000000000000000000e+00
-9.951847266721969287e-01 -9.801714032956058975e-02 0.000000000000000000e+00
-9.569403357322089354e-01 -2.902846772544621090e-01 0.000000000000000000e+00
-8.819212643483550496e-01 -4.713967368259976420e-01 0.000000000000000000e+00
-7.730104533627371044e-01 -6.343932841636452657e-01 0.000000000000000000e+00
-6.343932841636465980e-01 -7.730104533627361052e-01 0.000000000000000000e+00
-4.713967368259978641e-01 -8.819212643483549385e-01 0.000000000000000000e+00
-2.902846772544624421e-01 -9.569403357322088244e-01 0.000000000000000000e+00
-9.801714032956045097e-02 -9.951847266721969287e-01 0.000000000000000000e+00
9.801714032956009015e-02 -9.951847266721969287e-01 0.000000000000000000e+00
2.902846772544612208e-01 -9.569403357322091574e-01 0.000000000000000000e+00
4.713967368259975865e-01 -8.819212643483550496e-01 0.000000000000000000e+00
6.343932841636455988e-01 -7.730104533627368824e-01 0.000000000000000000e+00
7.730104533627366603e-01 -6.343932841636459319e-01 0.000000000000000000e+00
8.819212643483548275e-01 -4.713967368259979196e-01 0.000000000000000000e+00
9.569403357322086023e-01 -2.902846772544633303e-01 0.000000000000000000e+00
9.951847266721969287e-01 -9.801714032956050648e-02 0.000000000000000000e+00
9.965217285917831180e-01 0.000000000000000000e+00 -8.333333333333332871e-02
9.773738430048038994e-01 1.944117449270397202e-01 -8.333333333333332871e-02
9.206660287487159477e-01 3.813523555238960139e-01 -8.333333333333332871e-02
8.285775353232721629e-01 5.536378089628336552e-01 -8.333333333333332871e-02
7.046472718869901675e-01 7.046472718869900564e-01 -8.333333333333332871e-02
5.536378089628338772e-01 8.285775353232720519e-01 -8.333333333333332871e-02
3.813523555238960694e-01 9.206660287487159477e-01 -8.333333333333332871e-02
1.944117449270398035e-01 9.773738430048038994e-01 -8.333333333333332871e-02
6.101935726003573154e-17 9.965217285917831180e-01 -8.333333333333332871e-02
-1.944117449270394427e-01 9.773738430048040104e-01 -8.333333333333332871e-02
-3.813523555238957363e-01 9.206660287487160588e-01 -8.333333333333332871e-02
-5.536378089628334331e-01 8.285775353232723850e-01 -8.333333333333332871e-02
-7.046472718869900564e-01 7.046472718869901675e-01 -8.333333333333332871e-02
-8.285775353232722740e-01 5.536378089628336552e-01 -8.333333333333332871e-02
-9.206660287487159477e-01 3.813523555238961249e-01 -8.333333333333332871e-02
-9.773738430048037884e-01 1.944117449270404974e-01 -8.333333333333332871e-02
-9.965217285917831180e-01 1.220387145200714631e-16 -8.333333333333332871e-02
-9.773738430048038994e-01 -1.944117449270398312e-01 -8.333333333333332871e-02
-9.206660287487161698e-01 -3.813523555238954588e-01 -8.333333333333332871e-02
-8.285775353232723850e-01 -5.536378089628334331e-01 -8.333333333333332871e-02
-7.046472718869905005e-01 -7.046472718869897234e-01 -8.333333333333332871e-02
-5.536378089628336552e-01 -8.285775353232721629e-01 -8.333333333333332871e-02
-3.813523555238965690e-01 -9.206660287487157257e-01 -8.333333333333332871e-02
-1.944117449270401365e-01 -9.773738430048037884e-01 -8.333333333333332871e-02
-1.830580717801071946e-16 -9.965217285917831180e-01 -8.333333333333332871e-02
1.944117449270388875e-01 -9.773738430048041215e-01 -8.333333333333332871e-02
3.813523555238962359e-01 -9.206660287487158367e-01 -8.333333333333332871e-02
5.536378089628333221e-01 -8.285775353232723850e-01 -8.333333333333332871e-02
7.046472718869899454e-01 -7.046472718869902785e-01 -8.333333333333332871e-02
8.285775353232717189e-01 -5.536378089628344323e-01 -8.333333333333332871e-02
9.206660287487153926e-01 -3.813523555238974017e-01 -8.333333333333332871e-02
9.773738430048036774e-01 -1.944117449270410525e-01 -8.333333333333332871e-02
9.812653736524835635e-01 9.664620371682525191e-02 -1.666666666666666574e-01
9.435558956429799249e-01 2.862245517414536145e-01 -1.666666666666666574e-01
8.695860937161592474e-01 4.648034507592357922e-01 -1.666666666666666574e-01
7.621985858773261402e-01 6.255202138291188207e-01 -1.666666666666666574e-01
6.255202138291189318e-01 7.621985858773260292e-01 -1.666666666666666574e-01
4.648034507592360143e-01 8.695860937161591364e-01 -1.666666666666666574e-01
2.862245517414536145e-01 9.435558956429800359e-01 -1.666666666666666574e-01
9.664620371682564048e-02 9.812653736524834525e-01 -1.666666666666666574e-01
-9.664620371682529354e-02 9.812653736524835635e-01 -1.666666666666666574e-01
-2.862245517414534479e-01 9.435558956429800359e-01 -1.666666666666666574e-01
-4.648034507592359033e-01 8.695860937161592474e-01 -1.666666666666666574e-01
-6.255202138291187097e-01 7.621985858773262512e-01 -1.666666666666666574e-01
-7.621985858773258071e-01 6.255202138291191538e-01 -1.666666666666666574e-01
-8.695860937161591364e-01 4.648034507592360698e-01 -1.666666666666666574e-01
-9.435558956429798139e-01 2.862245517414540585e-01 -1.666666666666666574e-01
-9.812653736524834525e-01 9.664620371682591804e-02 -1.666666666666666574e-01
-9.812653736524835635e-01 -9.664620371682523803e-02 -1.666666666666666574e-01
-9.435558956429800359e-01 -2.862245517414533924e-01 -1.666666666666666574e-01
-8.695860937161592474e-01 -4.648034507592358477e-01 -1.666666666666666574e-01
-7.621985858773262512e-01 -6.255202138291185987e-01 -1.666666666666666574e-01
-6.255202138291199310e-01 -7.621985858773252520e-01 -1.666666666666666574e-01
-4.648034507592360698e-01 -8.695860937161591364e-01 -1.666666666666666574e-01
-2.862245517414537255e-01 -9.435558956429799249e-01 -1.666666666666666574e-01
-9.664620371682509925e-02 -9.812653736524835635e-01 -1.666666666666666574e-01
9.664620371682475231e-02 -9.812653736524835635e-01 -1.666666666666666574e-01
2.862245517414525042e-01 -9.435558956429802580e-01 -1.666666666666666574e-01
4.648034507592357922e-01 -8.695860937161592474e-01 -1.666666666666666574e-01
6.255202138291189318e-01 -7.621985858773260292e-01 -1.666666666666666574e-01
7.621985858773258071e-01 -6.255202138291192648e-01 -1.666666666666666574e-01
8.695860937161590254e-01 -4.648034507592361253e-01 -1.666666666666666574e-01
9.435558956429797028e-01 -2.862245517414545581e-01 -1.666666666666666574e-01
9.812653736524835635e-01 -9.664620371682515476e-02 -1.666666666666666574e-01
9.682458365518542553e-01 0.000000000000000000e+00 -2.500000000000000000e-01
9.496412643017707600e-01 1.888953920436767242e-01 -2.500000000000000000e-01
8.945425108295268490e-01 3.705316401048712738e-01 -2.500000000000000000e-01
8.050669903313238951e-01 5.379285650333732738e-01 -2.500000000000000000e-01
6.846531968814577596e-01 6.846531968814576485e-01 -2.500000000000000000e-01
5.379285650333734958e-01 8.050669903313237841e-01 -2.500000000000000000e-01
3.705316401048713293e-01 8.945425108295268490e-01 -2.500000000000000000e-01
1.888953920436768075e-01 9.496412643017707600e-01 -2.500000000000000000e-01
5.928795822604898564e-17 9.682458365518542553e-01 -2.500000000000000000e-01
-1.888953920436764466e-01 9.496412643017708710e-01 -2.500000000000000000e-01
-3.705316401048710517e-01 8.945425108295269601e-01 -2.500000000000000000e-01
-5.379285650333730517e-01 8.050669903313240061e-01 -2.500000000000000000e-01
-6.846531968814576485e-01 6.846531968814577596e-01 -2.500000000000000000e-01
-8.050669903313238951e-01 5.379285650333732738e-01 -2.500000000000000000e-01
-8.945425108295268490e-01 3.705316401048713848e-01 -2.500000000000000000e-01
-9.496412643017706490e-01 1.888953920436774736e-01 -2.500000000000000000e-01
-9.682458365518542553e-01 1.185759164520979713e-16 -2.500000000000000000e-01
-9.496412643017707600e-01 -1.888953920436768352e-01 -2.500000000000000000e-01
-8.945425108295270711e-01 -3.705316401048707742e-01 -2.500000000000000000e-01
-8.050669903313240061e-01 -5.379285650333730517e-01 -2.500000000000000000e-01
-6.846531968814579816e-01 -6.846531968814573155e-01 -2.500000000000000000e-01
-5.379285650333732738e-01 -8.050669903313238951e-01 -2.500000000000000000e-01
-3.705316401048718289e-01 -8.945425108295266270e-01 -2.500000000000000000e-01
-1.888953920436771405e-01 -9.496412643017706490e-01 -2.500000000000000000e-01
-1.778638746781469323e-16 -9.682458365518542553e-01 -2.500000000000000000e-01
1.888953920436759193e-01 -9.496412643017709820e-01 -2.500000000000000000e-01
3.705316401048714958e-01 -8.945425108295267380e-01 -2.500000000000000000e-01
5.379285650333729407e-01 -8.050669903313240061e-01 -2.500000000000000000e-01
6.846531968814575375e-01 -6.846531968814578706e-01 -2.500000000000000000e-01
8.050669903313234510e-01 -5.379285650333740509e-01 -2.500000000000000000e-01
8.945425108295262939e-01 -3.705316401048727171e-01 -2.500000000000000000e-01
9.496412643017705379e-01 -1.888953920436780287e-01 -2.500000000000000000e-01
9.382691583509216171e-01 9.241144613272764263e-02 -3.333333333333333148e-01
9.022120007829017574e-01 2.736830183482382162e-01 -3.333333333333333148e-01
8.314833419911141776e-01 4.444371056518309215e-01 -3.333333333333333148e-01
7.288012446678383549e-01 5.981117242284241797e-01 -3.333333333333333148e-01
5.981117242284242908e-01 7.288012446678382439e-01 -3.333333333333333148e-01
4.444371056518311436e-01 8.314833419911140666e-01 -3.333333333333333148e-01
2.736830183482382162e-01 9.022120007829018684e-01 -3.333333333333333148e-01
9.241144613272800346e-02 9.382691583509216171e-01 -3.333333333333333148e-01
-9.241144613272768427e-02 9.382691583509216171e-01 -3.333333333333333148e-01
-2.736830183482380496e-01 9.022120007829018684e-01 -3.333333333333333148e-01
-4.444371056518310326e-01 8.314833419911141776e-01 -3.333333333333333148e-01
-5.981117242284240687e-01 7.288012446678384659e-01 -3.333333333333333148e-01
-7.288012446678380218e-01 5.981117242284245128e-01 -3.333333333333333148e-01
-8.314833419911140666e-01 4.444371056518311991e-01 -3.333333333333333148e-01
-9.022120007829016464e-01 2.736830183482386603e-01 -3.333333333333333148e-01
-9.382691583509216171e-01 9.241144613272826713e-02 -3.333333333333333148e-01
-9.382691583509216171e-01 -9.241144613272762875e-02 -3.333333333333333148e-01
-9.022120007829018684e-01 -2.736830183482379941e-01 -3.333333333333333148e-01
-8.314833419911141776e-01 -4.444371056518309770e-01 -3.333333333333333148e-01
-7.288012446678384659e-01 -5.981117242284239577e-01 -3.333333333333333148e-01
-5.981117242284251789e-01 -7.288012446678374667e-01 -3.333333333333333148e-01
-4.444371056518311991e-01 -8.314833419911140666e-01 -3.333333333333333148e-01
-2.736830183482383272e-01 -9.022120007829017574e-01 -3.333333333333333148e-01
-9.241144613272750385e-02 -9.382691583509216171e-01 -3.333333333333333148e-01
9.241144613272715691e-02 -9.382691583509216171e-01 -3.333333333333333148e-01
2.736830183482371615e-01 -9.022120007829020905e-01 -3.333333333333333148e-01
4.444371056518309215e-01 -8.314833419911141776e-01 -3.333333333333333148e-01
5.981117242284242908e-01 -7.288012446678382439e-01 -3.333333333333333148e-01
7.288012446678380218e-01 -5.981117242284246238e-01 -3.333333333333333148e-01
8.314833419911139556e-01 -4.444371056518312546e-01 -3.333333333333333148e-01
9.022120007829015353e-01 -2.736830183482391599e-01 -3.333333333333333148e-01
9.382691583509216171e-01 -9.241144613272754549e-02 -3.333333333333333148e-01
9.090593428863095182e-01 0.000000000000000000e+00 -4.166666666666666297e-01
8.915920225159255086e-01 1.773486799354600796e-01 -4.166666666666666297e-01
8.398613207308212036e-01 3.478819495592859745e-01 -4.166666666666666297e-01
7.558552193896863614e-01 5.050463109559933939e-01 -4.166666666666666297e-01
6.428020258558964084e-01 6.428020258558962974e-01 -4.166666666666666297e-01
5.050463109559936159e-01 7.558552193896862503e-01 -4.166666666666666297e-01
3.478819495592860300e-01 8.398613207308212036e-01 -4.166666666666666297e-01
1.773486799354601351e-01 8.915920225159255086e-01 -4.166666666666666297e-01
5.566383072503576132e-17 9.090593428863095182e-01 -4.166666666666666297e-01
-1.773486799354598020e-01 8.915920225159256196e-01 -4.166666666666666297e-01
-3.478819495592857525e-01 8.398613207308212036e-01 -4.166666666666666297e-01
-5.050463109559931718e-01 7.558552193896864724e-01 -4.166666666666666297e-01
-6.428020258558962974e-01 6.428020258558964084e-01 -4.166666666666666297e-01
-7.558552193896863614e-01 5.050463109559933939e-01 -4.166666666666666297e-01
-8.398613207308212036e-01 3.478819495592860855e-01 -4.166666666666666297e-01
-8.915920225159253976e-01 1.773486799354607735e-01 -4.166666666666666297e-01
-9.090593428863095182e-01 1.113276614500715226e-16 -4.166666666666666297e-01
-8.915920225159255086e-01 -1.773486799354601628e-01 -4.166666666666666297e-01
-8.398613207308213147e-01 -3.478819495592854749e-01 -4.166666666666666297e-01
-7.558552193896864724e-01 -5.050463109559931718e-01 -4.166666666666666297e-01
-6.428020258558967415e-01 -6.428020258558959643e-01 -4.166666666666666297e-01
-5.050463109559933939e-01 -7.558552193896863614e-01 -4.166666666666666297e-01
-3.478819495592864741e-01 -8.398613207308209816e-01 -4.166666666666666297e-01
-1.773486799354604404e-01 -8.915920225159253976e-01 -4.166666666666666297e-01
-1.669914921751072716e-16 -9.090593428863095182e-01 -4.166666666666666297e-01
1.773486799354593024e-01 -8.915920225159257306e-01 -4.166666666666666297e-01
3.478819495592861966e-01 -8.398613207308210926e-01 -4.166666666666666297e-01
5.050463109559930608e-01 -7.558552193896864724e-01 -4.166666666666666297e-01
6.428020258558961864e-01 -6.428020258558965194e-01 -4.166666666666666297e-01
7.558552193896859173e-01 -5.050463109559941710e-01 -4.166666666666666297e-01
8.398613207308206485e-01 -3.478819495592873068e-01 -4.166666666666666297e-01
8.915920225159252865e-01 -1.773486799354612731e-01 -4.166666666666666297e-01
8.618552547563954613e-01 8.488533353170370221e-02 -5.000000000000000000e-01
8.287346406501023832e-01 2.513939048317311853e-01 -5.000000000000000000e-01
7.637662190633668358e-01 4.082415493524013117e-01 -5.000000000000000000e-01
6.694466900030562329e-01 5.494007000759572046e-01 -5.000000000000000000e-01
5.494007000759573156e-01 6.694466900030561218e-01 -5.000000000000000000e-01
4.082415493524014782e-01 7.637662190633667247e-01 -5.000000000000000000e-01
2.513939048317311853e-01 8.287346406501024942e-01 -5.000000000000000000e-01
8.488533353170403528e-02 8.618552547563954613e-01 -5.000000000000000000e-01
-8.488533353170374385e-02 8.618552547563954613e-01 -5.000000000000000000e-01
-2.513939048317310188e-01 8.287346406501024942e-01 -5.000000000000000000e-01
-4.082415493524013672e-01 7.637662190633668358e-01 -5.000000000000000000e-01
-5.494007000759570936e-01 6.694466900030563439e-01 -5.000000000000000000e-01
-6.694466900030560108e-01 5.494007000759574266e-01 -5.000000000000000000e-01
-7.637662190633667247e-01 4.082415493524015337e-01 -5.000000000000000000e-01
-8.287346406501022722e-01 2.513939048317315739e-01 -5.000000000000000000e-01
-8.618552547563954613e-01 8.488533353170428508e-02 -5.000000000000000000e-01
-8.618552547563954613e-01 -8.488533353170368834e-02 -5.000000000000000000e-01
-8.287346406501024942e-01 -2.513939048317309632e-01 -5.000000000000000000e-01
-7.637662190633668358e-01 -4.082415493524013672e-01 -5.000000000000000000e-01
-6.694466900030563439e-01 -5.494007000759569825e-01 -5.000000000000000000e-01
-5.494007000759580928e-01 -6.694466900030554557e-01 -5.000000000000000000e-01
-4.082415493524015337e-01 -7.637662190633667247e-01 -5.000000000000000000e-01
-2.513939048317312963e-01 -8.287346406501023832e-01 -5.000000000000000000e-01
-8.488533353170356344e-02 -8.618552547563954613e-01 -5.000000000000000000e-01
8.488533353170325813e-02 -8.618552547563954613e-01 -5.000000000000000000e-01
2.513939048317302416e-01 -8.287346406501027163e-01 -5.000000000000000000e-01
4.082415493524013117e-01 -7.637662190633668358e-01 -5.000000000000000000e-01
5.494007000759573156e-01 -6.694466900030561218e-01 -5.000000000000000000e-01
6.694466900030560108e-01 -5.494007000759575376e-01 -5.000000000000000000e-01
7.637662190633666137e-01 -4.082415493524015893e-01 -5.000000000000000000e-01
8.287346406501021612e-01 -2.513939048317320180e-01 -5.000000000000000000e-01
8.618552547563954613e-01 -8.488533353170361895e-02 -5.000000000000000000e-01
8.122328620674137412e-01 0.000000000000000000e+00 -5.833333333333332593e-01
7.966260353755068024e-01 1.584587706128132156e-01 -5.833333333333332593e-01
7.504053168971466237e-01 3.108280595356784359e-01 -5.833333333333332593e-01
6.753469429225792409e-01 4.512524004449714465e-01 -5.833333333333332593e-01
5.743353646704260074e-01 5.743353646704258963e-01 -5.833333333333332593e-01
4.512524004449716131e-01 6.753469429225791298e-01 -5.833333333333332593e-01
3.108280595356784914e-01 7.504053168971466237e-01 -5.833333333333332593e-01
1.584587706128132989e-01 7.966260353755068024e-01 -5.833333333333332593e-01
4.973491873465759676e-17 8.122328620674137412e-01 -5.833333333333332593e-01
-1.584587706128129936e-01 7.966260353755069135e-01 -5.833333333333332593e-01
-3.108280595356782139e-01 7.504053168971467347e-01 -5.833333333333332593e-01
-4.512524004449712800e-01 6.753469429225793519e-01 -5.833333333333332593e-01
-5.743353646704258963e-01 5.743353646704260074e-01 -5.833333333333332593e-01
-6.753469429225792409e-01 4.512524004449714465e-01 -5.833333333333332593e-01
-7.504053168971466237e-01 3.108280595356784914e-01 -5.833333333333332593e-01
-7.966260353755066914e-01 1.584587706128138540e-01 -5.833333333333332593e-01
-8.122328620674137412e-01 9.946983746931519352e-17 -5.833333333333332593e-01
-7.966260353755068024e-01 -1.584587706128133267e-01 -5.833333333333332593e-01
-7.504053168971468457e-01 -3.108280595356779918e-01 -5.833333333333332593e-01
-6.753469429225793519e-01 -4.512524004449712800e-01 -5.833333333333332593e-01
-5.743353646704262294e-01 -5.743353646704256743e-01 -5.833333333333332593e-01
-4.512524004449714465e-01 -6.753469429225792409e-01 -5.833333333333332593e-01
-3.108280595356788800e-01 -7.504053168971465126e-01 -5.833333333333332593e-01
-1.584587706128135765e-01 -7.966260353755066914e-01 -5.833333333333332593e-01
-1.492047562039727718e-16 -8.122328620674137412e-01 -5.833333333333332593e-01
1.584587706128125495e-01 -7.966260353755069135e-01 -5.833333333333332593e-01
3.108280595356786025e-01 -7.504053168971465126e-01 -5.833333333333332593e-01
4.512524004449711690e-01 -6.753469429225793519e-01 -5.833333333333332593e-01
5.743353646704257853e-01 -5.743353646704261184e-01 -5.833333333333332593e-01
6.753469429225787968e-01 -4.512524004449720572e-01 -5.833333333333332593e-01
7.504053168971461796e-01 -3.108280595356796017e-01 -5.833333333333332593e-01
7.966260353755065804e-01 -1.584587706128142981e-01 -5.833333333333332593e-01
7.417668996695268024e-01 7.305766291234455645e-02 -6.666666666666666297e-01
7.132612137028966348e-01 2.163654237225215993e-01 -6.666666666666666297e-01
6.573452992951611673e-01 3.513583826381697084e-01 -6.666666666666666297e-01
5.761679736790036310e-01 4.728488359530840235e-01 -6.666666666666666297e-01
4.728488359530841345e-01 5.761679736790035200e-01 -6.666666666666666297e-01
3.513583826381698749e-01 6.573452992951611673e-01 -6.666666666666666297e-01
2.163654237225215993e-01 7.132612137028967458e-01 -6.666666666666666297e-01
7.305766291234483401e-02 7.417668996695266914e-01 -6.666666666666666297e-01
-7.305766291234458421e-02 7.417668996695268024e-01 -6.666666666666666297e-01
-2.163654237225214605e-01 7.132612137028967458e-01 -6.666666666666666297e-01
-3.513583826381697639e-01 6.573452992951611673e-01 -6.666666666666666297e-01
-4.728488359530839680e-01 5.761679736790037420e-01 -6.666666666666666297e-01
-5.761679736790034090e-01 4.728488359530843010e-01 -6.666666666666666297e-01
-6.573452992951611673e-01 3.513583826381698749e-01 -6.666666666666666297e-01
-7.132612137028965238e-01 2.163654237225219323e-01 -6.666666666666666297e-01
-7.417668996695266914e-01 7.305766291234504217e-02 -6.666666666666666297e-01
-7.417668996695268024e-01 -7.305766291234454257e-02 -6.666666666666666297e-01
-7.132612137028967458e-01 -2.163654237225214327e-01 -6.666666666666666297e-01
-6.573452992951611673e-01 -3.513583826381697084e-01 -6.666666666666666297e-01
-5.761679736790037420e-01 -4.728488359530838570e-01 -6.666666666666666297e-01
-4.728488359530848562e-01 -5.761679736790029649e-01 -6.666666666666666297e-01
-3.513583826381698749e-01 -6.573452992951611673e-01 -6.666666666666666297e-01
-2.163654237225216825e-01 -7.132612137028966348e-01 -6.666666666666666297e-01
-7.305766291234443155e-02 -7.417668996695268024e-01 -6.666666666666666297e-01
7.305766291234416787e-02 -7.417668996695268024e-01 -6.666666666666666297e-01
2.163654237225207666e-01 -7.132612137028968569e-01 -6.666666666666666297e-01
3.513583826381697084e-01 -6.573452992951611673e-01 -6.666666666666666297e-01
4.728488359530841345e-01 -5.761679736790035200e-01 -6.666666666666666297e-01
5.761679736790034090e-01 -4.728488359530843566e-01 -6.666666666666666297e-01
6.573452992951610563e-01 -3.513583826381699304e-01 -6.666666666666666297e-01
7.132612137028965238e-01 -2.163654237225223487e-01 -6.666666666666666297e-01
7.417668996695268024e-01 -7.305766291234447318e-02 -6.666666666666666297e-01
6.631012413444706821e-01 7.471356631369457935e-02 -7.447916666666667407e-01
6.298505762338100222e-01 2.203942487494315594e-01 -7.447916666666667407e-01
5.650165732038231470e-01 3.550234432666349860e-01 -7.447916666666667407e-01
4.718502798896536121e-01 4.718502798896535566e-01 -7.447916666666667407e-01
3.550234432666349860e-01 5.650165732038231470e-01 -7.447916666666667407e-01
2.203942487494316982e-01 6.298505762338099112e-01 -7.447916666666667407e-01
7.471356631369446832e-02 6.631012413444706821e-01 -7.447916666666667407e-01
-7.471356631369439893e-02 6.631012413444706821e-01 -7.447916666666667407e-01
-2.203942487494316427e-01 6.298505762338099112e-01 -7.447916666666667407e-01
-3.550234432666349305e-01 5.650165732038231470e-01 -7.447916666666667407e-01
-4.718502798896535566e-01 4.718502798896536121e-01 -7.447916666666667407e-01
-5.650165732038231470e-01 3.550234432666350970e-01 -7.447916666666667407e-01
-6.298505762338100222e-01 2.203942487494316427e-01 -7.447916666666667407e-01
-6.631012413444706821e-01 7.471356631369466261e-02 -7.447916666666667407e-01
-6.631012413444706821e-01 -7.471356631369449608e-02 -7.447916666666667407e-01
-6.298505762338100222e-01 -2.203942487494314484e-01 -7.447916666666667407e-01
-5.650165732038231470e-01 -3.550234432666349305e-01 -7.447916666666667407e-01
-4.718502798896536676e-01 -4.718502798896535566e-01 -7.447916666666667407e-01
-3.550234432666350970e-01 -5.650165732038231470e-01 -7.447916666666667407e-01
-2.203942487494316704e-01 -6.298505762338099112e-01 -7.447916666666667407e-01
-7.471356631369470425e-02 -6.631012413444706821e-01 -7.447916666666667407e-01
7.471356631369445445e-02 -6.631012413444706821e-01 -7.447916666666667407e-01
2.203942487494314206e-01 -6.298505762338100222e-01 -7.447916666666667407e-01
3.550234432666348749e-01 -5.650165732038231470e-01 -7.447916666666667407e-01
4.718502798896534456e-01 -4.718502798896536676e-01 -7.447916666666667407e-01
5.650165732038230360e-01 -3.550234432666351525e-01 -7.447916666666667407e-01
6.298505762338099112e-01 -2.203942487494316982e-01 -7.447916666666667407e-01
6.631012413444706821e-01 -7.471356631369473200e-02 -7.447916666666667407e-01
5.779738770169139395e-01 7.609170444954709012e-02 -8.125000000000000000e-01
5.385859124452039293e-01 2.230895894378918110e-01 -8.125000000000000000e-01
4.624942079956568808e-01 3.548842875790221840e-01 -8.125000000000000000e-01
3.548842875790221840e-01 4.624942079956568808e-01 -8.125000000000000000e-01
2.230895894378918387e-01 5.385859124452039293e-01 -8.125000000000000000e-01
7.609170444954717338e-02 5.779738770169139395e-01 -8.125000000000000000e-01
-7.609170444954710399e-02 5.779738770169139395e-01 -8.125000000000000000e-01
-2.230895894378916444e-01 5.385859124452040403e-01 -8.125000000000000000e-01
-3.548842875790221840e-01 4.624942079956568808e-01 -8.125000000000000000e-01
-4.624942079956568253e-01 3.548842875790223506e-01 -8.125000000000000000e-01
-5.385859124452039293e-01 2.230895894378918665e-01 -8.125000000000000000e-01
-5.779738770169139395e-01 7.609170444954732604e-02 -8.125000000000000000e-01
-5.779738770169139395e-01 -7.609170444954720114e-02 -8.125000000000000000e-01
-5.385859124452040403e-01 -2.230895894378917554e-01 -8.125000000000000000e-01
-4.624942079956568808e-01 -3.548842875790221840e-01 -8.125000000000000000e-01
-3.548842875790223506e-01 -4.624942079956567698e-01 -8.125000000000000000e-01
-2.230895894378916444e-01 -5.385859124452040403e-01 -8.125000000000000000e-01
-7.609170444954711787e-02 -5.779738770169139395e-01 -8.125000000000000000e-01
7.609170444954690971e-02 -5.779738770169140505e-01 -8.125000000000000000e-01
2.230895894378914501e-01 -5.385859124452040403e-01 -8.125000000000000000e-01
3.548842875790217399e-01 -4.624942079956572138e-01 -8.125000000000000000e-01
4.624942079956567698e-01 -3.548842875790223506e-01 -8.125000000000000000e-01
5.385859124452040403e-01 -2.230895894378916722e-01 -8.125000000000000000e-01
5.779738770169139395e-01 -7.609170444954714563e-02 -8.125000000000000000e-01
4.873443404910106080e-01 7.718776061399897082e-02 -8.697916666666667407e-01
4.396396809160688091e-01 2.240076060343471898e-01 -8.697916666666667407e-01
3.489000262232880289e-01 3.489000262232879734e-01 -8.697916666666667407e-01
2.240076060343472175e-01 4.396396809160687535e-01 -8.697916666666667407e-01
7.718776061399899857e-02 4.873443404910106080e-01 -8.697916666666667407e-01
-7.718776061399883204e-02 4.873443404910106080e-01 -8.697916666666667407e-01
-2.240076060343471620e-01 4.396396809160688091e-01 -8.697916666666667407e-01
-3.489000262232879734e-01 3.489000262232880289e-01 -8.697916666666667407e-01
-4.396396809160687535e-01 2.240076060343472453e-01 -8.697916666666667407e-01
-4.873443404910105525e-01 7.718776061399902633e-02 -8.697916666666667407e-01
-4.873443404910106080e-01 -7.718776061399890143e-02 -8.697916666666667407e-01
-4.396396809160688091e-01 -2.240076060343471620e-01 -8.697916666666667407e-01
-3.489000262232880845e-01 -3.489000262232879734e-01 -8.697916666666667407e-01
-2.240076060343472730e-01 -4.396396809160687535e-01 -8.697916666666667407e-01
-7.718776061399905408e-02 -4.873443404910105525e-01 -8.697916666666667407e-01
7.718776061399887367e-02 -4.873443404910106080e-01 -8.697916666666667407e-01
2.240076060343471342e-01 -4.396396809160688091e-01 -8.697916666666667407e-01
3.489000262232879179e-01 -3.489000262232880845e-01 -8.697916666666667407e-01
4.396396809160687535e-01 -2.240076060343473008e-01 -8.697916666666667407e-01
4.873443404910105525e-01 -7.718776061399909572e-02 -8.697916666666667407e-01
3.919734137799099072e-01 7.796835968484813750e-02 -9.166666666666666297e-01
3.322990147797627580e-01 2.220351030774668222e-01 -9.166666666666666297e-01
2.220351030774668777e-01 3.322990147797627580e-01 -9.166666666666666297e-01
7.796835968484816526e-02 3.919734137799099072e-01 -9.166666666666666297e-01
-7.796835968484810975e-02 3.919734137799099072e-01 -9.166666666666666297e-01
-2.220351030774667389e-01 3.322990147797628135e-01 -9.166666666666666297e-01
-3.322990147797628135e-01 2.220351030774668222e-01 -9.166666666666666297e-01
-3.919734137799099072e-01 7.796835968484827628e-02 -9.166666666666666297e-01
-3.919734137799099072e-01 -7.796835968484817914e-02 -9.166666666666666297e-01
-3.322990147797628135e-01 -2.220351030774667389e-01 -9.166666666666666297e-01
-2.220351030774668222e-01 -3.322990147797627580e-01 -9.166666666666666297e-01
-7.796835968484830404e-02 -3.919734137799098517e-01 -9.166666666666666297e-01
7.796835968484815138e-02 -3.919734137799099072e-01 -9.166666666666666297e-01
2.220351030774667112e-01 -3.322990147797628135e-01 -9.166666666666666297e-01
3.322990147797627580e-01 -2.220351030774668222e-01 -9.166666666666666297e-01
3.919734137799098517e-01 -7.796835968484831791e-02 -9.166666666666666297e-01
2.922667686632187123e-01 7.831264463776321794e-02 -9.531250000000000000e-01
2.139541240254555221e-01 2.139541240254554944e-01 -9.531250000000000000e-01
7.831264463776321794e-02 2.922667686632187123e-01 -9.531250000000000000e-01
-7.831264463776317630e-02 2.922667686632187123e-01 -9.531250000000000000e-01
-2.139541240254554944e-01 2.139541240254555221e-01 -9.531250000000000000e-01
-2.922667686632187123e-01 7.831264463776330120e-02 -9.531250000000000000e-01
-2.922667686632187123e-01 -7.831264463776323181e-02 -9.531250000000000000e-01
-2.139541240254556331e-01 -2.139541240254553833e-01 -9.531250000000000000e-01
-7.831264463776317630e-02 -2.922667686632187123e-01 -9.531250000000000000e-01
7.831264463776307916e-02 -2.922667686632187678e-01 -9.531250000000000000e-01
2.139541240254554666e-01 -2.139541240254555499e-01 -9.531250000000000000e-01
2.922667686632186568e-01 -7.831264463776346774e-02 -9.531250000000000000e-01
1.876013292242867947e-01 7.770701488391966449e-02 -9.791666666666666297e-01
7.770701488391966449e-02 1.876013292242867947e-01 -9.791666666666666297e-01
-7.770701488391965062e-02 1.876013292242867947e-01 -9.791666666666666297e-01
-1.876013292242867947e-01 7.770701488391967837e-02 -9.791666666666666297e-01
-1.876013292242868225e-01 -7.770701488391963674e-02 -9.791666666666666297e-01
-7.770701488391977552e-02 -1.876013292242867392e-01 -9.791666666666666297e-01
7.770701488391970613e-02 -1.876013292242867669e-01 -9.791666666666666297e-01
1.876013292242867392e-01 -7.770701488391978939e-02 -9.791666666666666297e-01
7.207475262030234309e-02 7.207475262030232921e-02 -9.947916666666666297e-01
-7.207475262030232921e-02 7.207475262030234309e-02 -9.947916666666666297e-01
-7.207475262030234309e-02 -7.207475262030232921e-02 -9.947916666666666297e-01
7.207475262030231533e-02 -7.207475262030234309e-02 -9.947916666666666297e-01
