1.435838411676066129e-01 1.435838411676065851e-01 9.791666666666666297e-01
-1.435838411676065851e-01 1.435838411676066129e-01 9.791666666666666297e-01
-1.435838411676066129e-01 -1.435838411676065851e-01 9.791666666666666297e-01
1.435838411676065574e-01 -1.435838411676066129e-01 9.791666666666666297e-01
3.692308821467540358e-01 1.529404390321674190e-01 9.166666666666666297e-01
1.529404390321674467e-01 3.692308821467540358e-01 9.166666666666666297e-01
-1.529404390321673912e-01 3.692308821467540358e-01 9.166666666666666297e-01
-3.692308821467540358e-01 1.529404390321674745e-01 9.166666666666666297e-01
-3.692308821467540914e-01 -1.529404390321673912e-01 9.166666666666666297e-01
-1.529404390321676410e-01 -3.692308821467539803e-01 9.166666666666666297e-01
1.529404390321675022e-01 -3.692308821467540358e-01 9.166666666666666297e-01
3.692308821467539803e-01 -1.529404390321676688e-01 9.166666666666666297e-01
5.630972699353851141e-01 1.508814587393563222e-01 8.125000000000000000e-01
4.122158111960287918e-01 4.122158111960287363e-01 8.125000000000000000e-01
1.508814587393563222e-01 5.630972699353851141e-01 8.125000000000000000e-01
-1.508814587393562667e-01 5.630972699353851141e-01 8.125000000000000000e-01
-4.122158111960287363e-01 4.122158111960287918e-01 8.125000000000000000e-01
-5.630972699353850031e-01 1.508814587393564888e-01 8.125000000000000000e-01
-5.630972699353851141e-01 -1.508814587393563778e-01 8.125000000000000000e-01
-4.122158111960289584e-01 -4.122158111960285143e-01 8.125000000000000000e-01
-1.508814587393562667e-01 -5.630972699353851141e-01 8.125000000000000000e-01
1.508814587393560724e-01 -5.630972699353852251e-01 8.125000000000000000e-01
4.122158111960286253e-01 -4.122158111960288474e-01 8.125000000000000000e-01
5.630972699353850031e-01 -1.508814587393568218e-01 8.125000000000000000e-01
7.310341861042718437e-01 1.454117405934622076e-01 6.666666666666666297e-01
6.197408581112955339e-01 4.140976024357428953e-01 6.666666666666666297e-01
4.140976024357430618e-01 6.197408581112954229e-01 6.666666666666666297e-01
1.454117405934622631e-01 7.310341861042718437e-01 6.666666666666666297e-01
-1.454117405934619855e-01 7.310341861042719547e-01 6.666666666666666297e-01
-4.140976024357427288e-01 6.197408581112956449e-01 6.666666666666666297e-01
-6.197408581112956449e-01 4.140976024357428953e-01 6.666666666666666297e-01
-7.310341861042717326e-01 1.454117405934627627e-01 6.666666666666666297e-01
-7.310341861042718437e-01 -1.454117405934622909e-01 6.666666666666666297e-01
-6.197408581112956449e-01 -4.140976024357427288e-01 6.666666666666666297e-01
-4.140976024357428953e-01 -6.197408581112955339e-01 6.666666666666666297e-01
-1.454117405934625129e-01 -7.310341861042717326e-01 6.666666666666666297e-01
1.454117405934615692e-01 -7.310341861042720657e-01 6.666666666666666297e-01
4.140976024357426732e-01 -6.197408581112956449e-01 6.666666666666666297e-01
6.197408581112952008e-01 -4.140976024357435059e-01 6.666666666666666297e-01
7.310341861042717326e-01 -1.454117405934631790e-01 6.666666666666666297e-01
8.660254037844385966e-01 0.000000000000000000e+00 5.000000000000000000e-01
8.001031451912654635e-01 3.314135740355917958e-01 5.000000000000000000e-01
6.123724356957945814e-01 6.123724356957944703e-01 5.000000000000000000e-01
3.314135740355918514e-01 8.001031451912654635e-01 5.000000000000000000e-01
5.302876193624533958e-17 8.660254037844385966e-01 5.000000000000000000e-01
-3.314135740355915183e-01 8.001031451912655745e-01 5.000000000000000000e-01
-6.123724356957944703e-01 6.123724356957945814e-01 5.000000000000000000e-01
-8.001031451912654635e-01 3.314135740355918514e-01 5.000000000000000000e-01
-8.660254037844385966e-01 1.060575238724906792e-16 5.000000000000000000e-01
-8.001031451912656856e-01 -3.314135740355912962e-01 5.000000000000000000e-01
-6.123724356957948034e-01 -6.123724356957941373e-01 5.000000000000000000e-01
-3.314135740355922399e-01 -8.001031451912652415e-01 5.000000000000000000e-01
-1.590862858087360249e-16 -8.660254037844385966e-01 5.000000000000000000e-01
3.314135740355919624e-01 -8.001031451912653525e-01 5.000000000000000000e-01
6.123724356957943593e-01 -6.123724356957945814e-01 5.000000000000000000e-01
8.001031451912650194e-01 -3.314135740355930171e-01 5.000000000000000000e-01
9.246932302147649052e-01 1.839329195219619739e-01 3.333333333333333148e-01
7.839170682795724154e-01 5.237966389247347143e-01 3.333333333333333148e-01
5.237966389247349364e-01 7.839170682795724154e-01 3.333333333333333148e-01
1.839329195219620572e-01 9.246932302147649052e-01 3.333333333333333148e-01
-1.839329195219617241e-01 9.246932302147650162e-01 3.333333333333333148e-01
-5.237966389247344923e-01 7.839170682795726375e-01 3.333333333333333148e-01
-7.839170682795725265e-01 5.237966389247347143e-01 3.333333333333333148e-01
-9.246932302147647942e-01 1.839329195219627233e-01 3.333333333333333148e-01
-9.246932302147649052e-01 -1.839329195219620849e-01 3.333333333333333148e-01
-7.839170682795726375e-01 -5.237966389247344923e-01 3.333333333333333148e-01
-5.237966389247347143e-01 -7.839170682795724154e-01 3.333333333333333148e-01
-1.839329195219623903e-01 -9.246932302147647942e-01 3.333333333333333148e-01
1.839329195219611968e-01 -9.246932302147651273e-01 3.333333333333333148e-01
5.237966389247343812e-01 -7.839170682795726375e-01 3.333333333333333148e-01
7.839170682795720824e-01 -5.237966389247354915e-01 3.333333333333333148e-01
9.246932302147646832e-01 -1.839329195219632507e-01 3.333333333333333148e-01
9.860132971832693549e-01 0.000000000000000000e+00 1.666666666666666574e-01
9.109575040515913713e-01 3.773309529237128257e-01 1.666666666666666574e-01
6.972166887783963762e-01 6.972166887783962652e-01 1.666666666666666574e-01
3.773309529237128812e-01 9.109575040515913713e-01 1.666666666666666574e-01
6.037590141561093690e-17 9.860132971832693549e-01 1.666666666666666574e-01
-3.773309529237125481e-01 9.109575040515914823e-01 1.666666666666666574e-01
-6.972166887783962652e-01 6.972166887783963762e-01 1.666666666666666574e-01
-9.109575040515913713e-01 3.773309529237129367e-01 1.666666666666666574e-01
-9.860132971832693549e-01 1.207518028312218738e-16 1.666666666666666574e-01
-9.109575040515915934e-01 -3.773309529237122706e-01 1.666666666666666574e-01
-6.972166887783967093e-01 -6.972166887783959321e-01 1.666666666666666574e-01
-3.773309529237133808e-01 -9.109575040515911493e-01 1.666666666666666574e-01
-1.811277042468327984e-16 -9.860132971832693549e-01 1.666666666666666574e-01
3.773309529237130477e-01 -9.109575040515912603e-01 1.666666666666666574e-01
6.972166887783961542e-01 -6.972166887783964873e-01 1.666666666666666574e-01
9.109575040515908162e-01 -3.773309529237142690e-01 1.666666666666666574e-01
9.807852804032304306e-01 1.950903220161282481e-01 0.000000000000000000e+00
8.314696123025452357e-01 5.555702330196021776e-01 0.000000000000000000e+00
5.555702330196023997e-01 8.314696123025451246e-01 0.000000000000000000e+00
1.950903220161283314e-01 9.807852804032304306e-01 0.000000000000000000e+00
-1.950903220161279705e-01 9.807852804032305416e-01 0.000000000000000000e+00
-5.555702330196019556e-01 8.314696123025454577e-01 0.000000000000000000e+00
-8.314696123025453467e-01 5.555702330196021776e-01 0.000000000000000000e+00
-9.807852804032303196e-01 1.950903220161290252e-01 0.000000000000000000e+00
-9.807852804032304306e-01 -1.950903220161283591e-01 0.000000000000000000e+00
-8.314696123025454577e-01 -5.555702330196019556e-01 0.000000000000000000e+00
-5.555702330196021776e-01 -8.314696123025452357e-01 0.000000000000000000e+00
-1.950903220161286644e-01 -9.807852804032303196e-01 0.000000000000000000e+00
1.950903220161274154e-01 -9.807852804032306526e-01 0.000000000000000000e+00
5.555702330196018446e-01 -8.314696123025454577e-01 0.000000000000000000e+00
8.314696123025447916e-01 -5.555702330196029548e-01 0.000000000000000000e+00
9.807852804032302085e-01 -1.950903220161295804e-01 0.000000000000000000e+00
9.860132971832693549e-01 0.000000000000000000e+00 -1.666666666666666574e-01
9.109575040515913713e-01 3.773309529237128257e-01 -1.666666666666666574e-01
6.972166887783963762e-01 6.972166887783962652e-01 -1.666666666666666574e-01
3.773309529237128812e-01 9.109575040515913713e-01 -1.666666666666666574e-01
6.037590141561093690e-17 9.860132971832693549e-01 -1.666666666666666574e-01
-3.773309529237125481e-01 9.109575040515914823e-01 -1.666666666666666574e-01
-6.972166887783962652e-01 6.972166887783963762e-01 -1.666666666666666574e-01
-9.109575040515913713e-01 3.773309529237129367e-01 -1.666666666666666574e-01
-9.860132971832693549e-01 1.207518028312218738e-16 -1.666666666666666574e-01
-9.109575040515915934e-01 -3.773309529237122706e-01 -1.666666666666666574e-01
-6.972166887783967093e-01 -6.972166887783959321e-01 -1.666666666666666574e-01
-3.773309529237133808e-01 -9.109575040515911493e-01 -1.666666666666666574e-01
-1.811277042468327984e-16 -9.860132971832693549e-01 -1.666666666666666574e-01
3.773309529237130477e-01 -9.109575040515912603e-01 -1.666666666666666574e-01
6.972166887783961542e-01 -6.972166887783964873e-01 -1.666666666666666574e-01
9.109575040515908162e-01 -3.773309529237142690e-01 -1.666666666666666574e-01
9.246932302147649052e-01 1.839329195219619739e-01 -3.333333333333333148e-01
7.839170682795724154e-01 5.237966389247347143e-01 -3.333333333333333148e-01
5.237966389247349364e-01 7.839170682795724154e-01 -3.333333333333333148e-01
1.839329195219620572e-01 9.246932302147649052e-01 -3.333333333333333148e-01
-1.839329195219617241e-01 9.246932302147650162e-01 -3.333333333333333148e-01
-5.237966389247344923e-01 7.839170682795726375e-01 -3.333333333333333148e-01
-7.839170682795725265e-01 5.237966389247347143e-01 -3.333333333333333148e-01
-9.246932302147647942e-01 1.839329195219627233e-01 -3.333333333333333148e-01
-9.246932302147649052e-01 -1.839329195219620849e-01 -3.333333333333333148e-01
-7.839170682795726375e-01 -5.237966389247344923e-01 -3.333333333333333148e-01
-5.237966389247347143e-01 -7.839170682795724154e-01 -3.333333333333333148e-01
-1.839329195219623903e-01 -9.246932302147647942e-01 -3.333333333333333148e-01
1.839329195219611968e-01 -9.246932302147651273e-01 -3.333333333333333148e-01
5.237966389247343812e-01 -7.839170682795726375e-01 -3.333333333333333148e-01
7.839170682795720824e-01 -5.237966389247354915e-01 -3.333333333333333148e-01
9.246932302147646832e-01 -1.839329195219632507e-01 -3.333333333333333148e-01
8.660254037844385966e-01 0.000000000000000000e+00 -5.000000000000000000e-01
8.001031451912654635e-01 3.314135740355917958e-01 -5.000000000000000000e-01
6.123724356957945814e-01 6.123724356957944703e-01 -5.000000000000000000e-01
3.314135740355918514e-01 8.001031451912654635e-01 -5.000000000000000000e-01
5.302876193624533958e-17 8.660254037844385966e-01 -5.000000000000000000e-01
-3.314135740355915183e-01 8.001031451912655745e-01 -5.000000000000000000e-01
-6.123724356957944703e-01 6.123724356957945814e-01 -5.000000000000000000e-01
-8.001031451912654635e-01 3.314135740355918514e-01 -5.000000000000000000e-01
-8.660254037844385966e-01 1.060575238724906792e-16 -5.000000000000000000e-01
-8.001031451912656856e-01 -3.314135740355912962e-01 -5.000000000000000000e-01
-6.123724356957948034e-01 -6.123724356957941373e-01 -5.000000000000000000e-01
-3.314135740355922399e-01 -8.001031451912652415e-01 -5.000000000000000000e-01
-1.590862858087360249e-16 -8.660254037844385966e-01 -5.000000000000000000e-01
3.314135740355919624e-01 -8.001031451912653525e-01 -5.000000000000000000e-01
6.123724356957943593e-01 -6.123724356957945814e-01 -5.000000000000000000e-01
8.001031451912650194e-01 -3.314135740355930171e-01 -5.000000000000000000e-01
7.310341861042718437e-01 1.454117405934622076e-01 -6.666666666666666297e-01
6.197408581112955339e-01 4.140976024357428953e-01 -6.666666666666666297e-01
4.140976024357430618e-01 6.197408581112954229e-01 -6.666666666666666297e-01
1.454117405934622631e-01 7.310341861042718437e-01 -6.666666666666666297e-01
-1.454117405934619855e-01 7.310341861042719547e-01 -6.666666666666666297e-01
-4.140976024357427288e-01 6.197408581112956449e-01 -6.666666666666666297e-01
-6.197408581112956449e-01 4.140976024357428953e-01 -6.666666666666666297e-01
-7.310341861042717326e-01 1.454117405934627627e-01 -6.666666666666666297e-01
-7.310341861042718437e-01 -1.454117405934622909e-01 -6.666666666666666297e-01
-6.197408581112956449e-01 -4.140976024357427288e-01 -6.666666666666666297e-01
-4.140976024357428953e-01 -6.197408581112955339e-01 -6.666666666666666297e-01
-1.454117405934625129e-01 -7.310341861042717326e-01 -6.666666666666666297e-01
1.454117405934615692e-01 -7.310341861042720657e-01 -6.666666666666666297e-01
4.140976024357426732e-01 -6.197408581112956449e-01 -6.666666666666666297e-01
6.197408581112952008e-01 -4.140976024357435059e-01 -6.666666666666666297e-01
7.310341861042717326e-01 -1.454117405934631790e-01 -6.666666666666666297e-01
5.630972699353851141e-01 1.508814587393563222e-01 -8.125000000000000000e-01
4.122158111960287918e-01 4.122158111960287363e-01 -8.125000000000000000e-01
1.508814587393563222e-01 5.630972699353851141e-01 -8.125000000000000000e-01
-1.508814587393562667e-01 5.630972699353851141e-01 -8.125000000000000000e-01
-4.122158111960287363e-01 4.122158111960287918e-01 -8.125000000000000000e-01
-5.630972699353850031e-01 1.508814587393564888e-01 -8.125000000000000000e-01
-5.630972699353851141e-01 -1.508814587393563778e-01 -8.125000000000000000e-01
-4.122158111960289584e-01 -4.122158111960285143e-01 -8.125000000000000000e-01
-1.508814587393562667e-01 -5.630972699353851141e-01 -8.125000000000000000e-01
1.508814587393560724e-01 -5.630972699353852251e-01 -8.125000000000000000e-01
4.122158111960286253e-01 -4.122158111960288474e-01 -8.125000000000000000e-01
5.630972699353850031e-01 -1.508814587393568218e-01 -8.125000000000000000e-01
3.692308821467540358e-01 1.529404390321674190e-01 -9.166666666666666297e-01
1.529404390321674467e-01 3.692308821467540358e-01 -9.166666666666666297e-01
-1.529404390321673912e-01 3.692308821467540358e-01 -9.166666666666666297e-01
-3.692308821467540358e-01 1.529404390321674745e-01 -9.166666666666666297e-01
-3.692308821467540914e-01 -1.529404390321673912e-01 -9.166666666666666297e-01
-1.529404390321676410e-01 -3.692308821467539803e-01 -9.166666666666666297e-01
1.529404390321675022e-01 -3.692308821467540358e-01 -9.166666666666666297e-01
3.692308821467539803e-01 -1.529404390321676688e-01 -9.166666666666666297e-01
1.435838411676066129e-01 1.435838411676065851e-01 -9.791666666666666297e-01
-1.435838411676065851e-01 1.435838411676066129e-01 -9.791666666666666297e-01
-1.435838411676066129e-01 -1.435838411676065851e-01 -9.791666666666666297e-01
1.435838411676065574e-01 -1.435838411676066129e-01 -9.791666666666666297e-01
